Gene,Score
PPARGC1B,0.999999999705637
BRWD3,0.999999859834484
R3HDM1,0.999999394349486
DGKH,0.999995731198918
PDE7A,0.999987254404265
MAML1,0.999985746371983
STOX2,0.999985142033442
GALNT7,0.999980208605495
MEX3B,0.99997077427804
SCN3A,0.999970312767074
SCN2A,0.999967499859704
LGI1,0.999966973831458
RFX6,0.999965159852845
FAM49A,0.999960022696014
EED,0.999959290280987
SOCS1,0.999953634161101
UBN2,0.999942905895662
TNRC6A,0.999939985506509
MTDH,0.999933704999283
PIP4K2A,0.999909053317728
VAT1L,0.999908670917314
C9orf72,0.999900695666911
CELSR3,0.999891158820918
DESI2,0.999890855485938
KLHL20,0.999860945471714
RNF220,0.999854151268442
CDH20,0.999846727810864
BECN1,0.999843850032579
NT5E,0.999836736502112
ELMOD2,0.999829879335111
MMP16,0.99982962718823
IP6K3,0.999813916743679
LHX8,0.99980642799482
SNAI1,0.999804667143988
EVX2,0.999778188301801
DCUN1D3,0.99976810890692
GLCCI1,0.999741384722117
ZNF644,0.999699434918108
RASA1,0.999692886798036
KIAA1549,0.99968766797993
PFN2,0.999675987640216
LHX1,0.999665079566594
CCDC117,0.999662613285475
STIM2,0.999631037788434
PCDH10,0.999628515924398
SETD7,0.999621661004017
TBC1D10B,0.999612750470901
COL25A1,0.999608465214597
SCN1A,0.999600515830733
BRWD1,0.99958870929167
ATP8A1,0.999585489599532
ACVR1,0.999574352728403
SEMA3A,0.999527766164577
RAB15,0.999517120005258
CPNE8,0.999500799917756
FLJ20373,0.999485248095526
PLAGL2,0.999461557061627
RAB38,0.999447525237412
JAKMIP2,0.999443829704515
RHEBL1,0.999441776760273
ST8SIA4,0.999440793263969
UBE2J1,0.999420019524143
EXTL2,0.999414982987994
FZD3,0.999410841169512
RBM26,0.999396678348397
ZNRF1,0.999395616864951
TMEM181,0.999376887431916
ERLIN1,0.999351263438704
SYNGR3,0.999330978998685
TLE1,0.999325017939296
PHTF2,0.999317337842126
SCN8A,0.999307292603786
GLDC,0.999285146753288
RARG,0.999259563261405
STK39,0.999256446285043
TMEM170B,0.99921141184887
CPSF6,0.999210783410593
TENM3,0.999208814882291
LIN28B,0.999178416660443
CHST2,0.999176942280822
NAALADL2,0.999116775708307
FAM160B1,0.999110960306571
NUS1,0.999110013051662
BAZ2B,0.999043006670483
ADAM19,0.999041323974331
LIMCH1,0.999036375010239
JPH4,0.99902202463492
PRDM1,0.998988680757617
TTLL7,0.998987491620612
SPEN,0.998976238357809
CDC37L1,0.998961597321828
XPR1,0.998940906581197
RRAD,0.998934196280531
LHX9,0.998887764600884
NR4A2,0.998712750760135
MYBL2,0.998705884954389
CCNE2,0.998692309546839
SCARA5,0.99865900747809
MBOAT1,0.998658191160998
BNIP3L,0.998593647242099
FOXD1,0.998558992760249
RUNX2,0.998509957726018
RORA,0.998487975692794
TNRC6B,0.998432465827911
MAT2A,0.998399854934213
GFPT2,0.998359353227581
MIER3,0.99830455701167
FAM83F,0.998216881874683
ELOVL5,0.998208393044508
OMG,0.998205026794558
HNRNPUL2,0.998185973971802
SOCS3,0.998175614451662
USP48,0.998168552687069
PDSS1,0.998140488968673
PPP1R18,0.998108426821447
LPPR4,0.99810701509477
GMNC,0.998045662965607
TMCC1,0.998002421098268
KXD1,0.997951298098108
MAST4,0.997925910137622
EPB41,0.997890098425602
PRLR,0.997885928570535
CAMK2N1,0.997872587307298
SH3PXD2A,0.997843360318108
PROSER1,0.997800770320652
MSANTD3-TMEFF1,0.997686751485312
ROR1,0.99768626624446
LMBR1L,0.997680367528844
TMEFF1,0.997582231415302
ADRA1D,0.997574737485086
BAHD1,0.997499999369588
RHOB,0.997496356953374
INO80D,0.997495422423034
FAM214A,0.997472881750637
NUDT5,0.997435085255654
LCLAT1,0.997415391227778
PTGFRN,0.997396676804301
DCBLD1,0.997377272385739
DLL4,0.997373635740729
GALNT2,0.997349641963964
MAP4K4,0.9973287791515
TMEM194B,0.997317967034873
ASXL3,0.997317662008163
CHL1,0.997227147214454
FNDC3A,0.997193684958232
GIGYF1,0.99719210515428
B3GNT5,0.997189497696382
CBFB,0.997119684045728
RASA2,0.997094923541056
ANKRA2,0.997088910903998
PAPD4,0.997077671827136
AMOTL2,0.997025433805183
PEX5L,0.996999264119784
MLK4,0.996986675783502
ARID4A,0.996923643582955
UNC5C,0.996832378349923
CLIP4,0.996802265701696
RAB32,0.996798294508828
KLHL28,0.996795671056597
KMT2C,0.996792400646614
WDR82,0.996783635177473
LOX,0.996781688945772
ANKHD1,0.99674256936553
JOSD1,0.996729149766266
ATP2B1,0.996676467916176
LRCH2,0.996674737193916
S100PBP,0.996624168808982
FST,0.99660646238183
MMD,0.996560874128521
LRFN2,0.99655261664178
RAB22A,0.996526013583967
COL13A1,0.996518856266554
KCNJ6,0.996472666578954
PIGA,0.996445474594739
SLC38A7,0.996413914574889
CEP350,0.996409883000529
HTR1F,0.996371109053097
GALNT1,0.996336105204868
CCNT2,0.996268391467207
ACTC1,0.996261183551412
LCOR,0.99612474710881
WDR44,0.996087253178986
HSPA4L,0.995954006071944
TASP1,0.99592123742131
TAOK1,0.995903283397838
LRRC8D,0.995864490872764
MAN1A2,0.995853240009035
EAF1,0.995840843645685
PAWR,0.995840736233355
ZNF521,0.995738528407606
TMEM87A,0.995515542415523
PICALM,0.99546793618908
PCDH17,0.995465090178541
TMOD2,0.994976542163549
MFSD6,0.994931722538047
DPY19L1,0.994786736902798
SEC23A,0.994774671169664
EFNA3,0.994697309655959
LIN7C,0.9946175171903
FAM110B,0.994462459995594
PLA2G2C,0.99441920234047
SEC24A,0.994220943696549
GALNT3,0.994165643078448
YPEL2,0.994098802555736
VKORC1L1,0.994097907730129
SNX16,0.994049102476898
TWF1,0.994028482208212
REV1,0.993770630589458
GCNT2,0.993658684558724
PPWD1,0.993608373987328
SGCB,0.9935333829
GNPDA1,0.993430166901495
NFIB,0.993428632435977
FAP,0.993315670435775
HNRNPA3,0.99324592264027
TTBK1,0.99314530557072
MYO5A,0.993029656210709
RAP1B,0.992856580634823
RTKN2,0.99278374469522
RFX7,0.992681252979133
SOCS6,0.99262220747701
UBN1,0.992611437444322
YOD1,0.992610851961138
NFATC3,0.992510008449461
OXR1,0.992458785578821
KLHL2,0.992367503670068
LMLN,0.99229711387685
YTHDC1,0.992243774977874
SRSF7,0.992233116429468
VPS26B,0.992111678438426
ANO4,0.991942679223533
UBE3C,0.991628794081919
TENM1,0.991627648951239
ELL2,0.991626874397961
CHST1,0.991624844116928
GATM,0.991517232317003
ZMYND8,0.99145238434533
KLF10,0.991387124534786
CNKSR2,0.991263787905368
FOSL2,0.991198622770028
IL1RAPL2,0.991118117920236
LIN28A,0.990990410023018
ADRA2A,0.990929545252116
XPO1,0.990835880435416
MZT1,0.990777753171965
CCDC97,0.990752903421609
RUNX1,0.990440516380906
STX2,0.990271238824518
RAB23,0.990165011349342
JADE3,0.990102039892311
HDAC5,0.990064158777366
C20orf112,0.990044864534078
SLC30A4,0.990011738531718
SEPT8,0.989857938496954
TLL2,0.989644462958641
UBE2I,0.989619223107774
SCML1,0.989426540458617
SH2B3,0.989317092496618
CECR2,0.989297566137198
LPHN3,0.989197106356756
ARID5B,0.989162445639285
AUNIP,0.989109782698645
OTUD6B,0.988805486692013
JDP2,0.988662786353518
FAM46A,0.988340110247566
ZNF280B,0.988334850922951
MTMR10,0.988237692708424
TM4SF20,0.988187454595046
STAC,0.98810787874251
TDG,0.987907853051342
FAM43A,0.987885717059808
CYYR1,0.987856150272814
RTN4R,0.987839156951445
NRG3,0.987790744330334
KIF16B,0.987774904062856
RGS17,0.987757349817962
A1CF,0.987746261626776
ZNF773,0.987715105499247
PKHD1,0.98761325018825
MICAL1,0.987570810855473
SPEF2,0.987482141832236
SLC9A8,0.987398225121118
ARHGAP26,0.987396580821854
REEP1,0.987153939682626
ELOVL2,0.987147918753543
CEP41,0.987114323922907
CARF,0.987059509374309
STK38L,0.986901254059717
TNIK,0.986883357754171
NDEL1,0.98683392457155
TIMP3,0.986711528816269
UBE2V2,0.986413346856726
CAMK2D,0.98631215912773
FOXG1,0.98626783018592
SMARCD2,0.986216325934318
PGM3,0.986190677981153
BDP1,0.986116220570022
ZNF711,0.985808795486741
RQCD1,0.985588456629635
GRM3,0.985416378127707
PAPOLB,0.985366097474689
BRD1,0.985360299573836
C14orf39,0.985275421968748
C7orf60,0.985166395985381
SNX27,0.985141389223202
NSG1,0.985120306916954
DRD1,0.984803437112728
KIAA0355,0.98478434940006
ZBTB11,0.984745217392824
DNAJC13,0.984562155497141
UBAC1,0.984395467860089
LIFR,0.984264186132778
ICK,0.984221244390515
PPP1R2,0.984148730614937
NHLH2,0.983942131434389
RNF122,0.983916765655493
ANKRD17,0.983786862490599
DDAH1,0.983658529241172
EPG5,0.983538887150193
PTP4A1,0.983327489828742
SHOC2,0.983320808394603
EML1,0.983233952270431
GPR157,0.983147515796929
HELZ,0.983137008128804
BNC1,0.983004129701339
SLC6A3,0.982852170062819
SYPL1,0.982675771552379
CAPZA1,0.982578399280307
ARL4A,0.982388172438127
PTPN13,0.982377977297317
SNX18,0.982349156754257
CSNK1G1,0.982317920890364
CELF3,0.98214619679835
GIGYF2,0.982135134967232
E2F7,0.981974329618352
ZFP1,0.981857483018179
PPP3R1,0.981701389380699
GNAI2,0.981608657787205
DDI2,0.981510099330235
BTBD7,0.98141110302184
PGP,0.981384076408539
RP11-738G5.2,0.981272796286042
MBNL3,0.980810302733738
RAPGEF4,0.980646005641296
UCP3,0.980637538713617
SOX12,0.980622751961985
PLXNC1,0.980320124732423
ITGA6,0.980178314738132
CALCR,0.97956367561173
ZBTB41,0.979500645862645
RHD,0.979436185907109
DOC2A,0.979420911897652
SH3RF1,0.979365266534137
PAAF1,0.979354122335901
ATRN,0.979346504112757
RARRES1,0.978983637849343
PAFAH1B2,0.978896399000351
PPARGC1A,0.978819225953028
SP4,0.978752268192414
PITPNM2,0.97842893398497
TM4SF1,0.978288470250761
RAPGEF2,0.978065054083639
TMEM87B,0.977740013654986
RCOR1,0.977669394851091
ATG12,0.977603368901842
BCOR,0.977571182388251
ARID4B,0.977234151266467
NR6A1,0.977221095278756
MAST3,0.977100626889602
DOCK7,0.976968778654186
KLF9,0.976936809128473
CYSLTR1,0.976733297611813
PPP3CA,0.976530714697295
REEP3,0.976488679041875
ZFY,0.976420460197453
ABCG5,0.976183144788192
CCNJL,0.97591568413691
CHMP2B,0.975854892471027
HDAC9,0.975750455131684
ZBTB6,0.975530840481721
ABL1,0.975311829985947
PGM1,0.974924729299358
CALU,0.974861380699481
AVEN,0.974680435862582
ABCD2,0.974549096109835
RBM12,0.974469373202634
KCTD16,0.974334624298232
NFAT5,0.974023996560203
TBL1XR1,0.973936581293313
RP11-497E19.2,0.973895800209662
DNMT3A,0.973853574434881
DDIT4,0.973746356844405
SOX9,0.973605690345022
LRRC17,0.973538439417602
DPY19L3,0.973424234615243
CTTNBP2NL,0.97249112474351
TUSC3,0.97220344334946
PARP8,0.972195308210613
DGKI,0.972181371614869
KDM3A,0.97207218883744
FAM81A,0.971993921111091
NAV3,0.971941108083333
C10orf76,0.971796925460403
WDR70,0.971476611279629
CBLB,0.971394865559416
ALG10B,0.971391378406283
SAMD4A,0.970969756953514
C9orf41,0.970821876527171
DPYSL2,0.970642513289355
SEC22C,0.970631451440931
CAMTA1,0.970464920685141
CADM2,0.970412546365175
CEP76,0.970246320461093
STAG2,0.970194641772826
AVL9,0.970189435538535
C11orf21,0.970187750916038
ZBTB18,0.970152194344969
SLC7A11,0.969914870048549
CAPN5,0.969861474025226
NCR3LG1,0.969833546480139
SMAP1,0.969802521020293
CCDC43,0.96957515099492
GABRB1,0.969308466139619
EDEM3,0.969112854977981
RP11-160N1.10,0.968871383011573
SRGAP3,0.968868489938271
FBXO39,0.968813735963527
RP11-625H11.1,0.968702468803323
PNKD,0.968620568330938
ITGA8,0.968449976012663
LRRCC1,0.968226578324212
DBF4,0.968188250710886
DENND1B,0.967712730877431
SNX6,0.967557056168071
USP37,0.967504299907381
P4HA2,0.967326175024281
RASGEF1B,0.967009208312146
SOX4,0.967004651097028
BRAP,0.966943814487729
ATXN1,0.966694083668009
RNF157,0.966661586043995
AKAP10,0.966512771151518
NRXN3,0.966362202884052
TRPM7,0.966021928600919
SCN9A,0.965864184774291
RABGAP1L,0.965863833316662
CEP170,0.965639112018577
PALM2,0.965165091038759
TNKS,0.96492097438706
RAVER2,0.964871189703998
AC012215.1,0.964812224737133
CLRN1,0.964789395971786
SOS1,0.964785370733682
KCNA4,0.964763040903691
SSX2IP,0.964551419828042
PRUNE2,0.964457757287386
GRIA2,0.964099951453897
VSTM4,0.964060881831612
TMEM86A,0.963905139479276
CFL2,0.963711807466741
SLC41A2,0.963639162120384
STK17B,0.963612548807469
PPP1R12A,0.963605493439886
SNX29,0.96348054197669
SNTB2,0.963437096050816
ZNF197,0.963420249512989
TIA1,0.963238090310474
EML4,0.963115148285217
PCDH20,0.963070116903034
SPAST,0.962921081092067
ACTR1A,0.962842393964962
RPS6KA2,0.962811908609145
ITGA4,0.962586387708938
TFDP1,0.962420835849927
PHACTR2,0.962314353776518
HEPHL1,0.962235068629793
PNPLA1,0.962207302154115
ZDHHC21,0.962197862510367
VOPP1,0.962190231795518
FLVCR2,0.96213960477712
LPCAT2,0.962104476462698
MARK1,0.962086608270289
PIK3CD,0.961960036114163
ATG5,0.961928279583453
ELAVL2,0.961627045671823
HOOK3,0.961387552128459
BCL2L11,0.961306357412031
RAD23B,0.961220615480148
C4orf3,0.961032136055785
KCNJ12,0.960790885644056
ARHGEF6,0.960761471407874
AP4E1,0.960566958935403
RIMBP2,0.959734612568804
GAN,0.959720612292057
BIRC6,0.959309049169124
CAT,0.959165615274964
ASB4,0.959071037547156
MIB1,0.959063192094335
C3orf30,0.959035470206823
DIP2C,0.958659873434657
FAM133A,0.958556932634569
METAP2,0.958447599524701
HIPK2,0.957825614513721
USP45,0.957550404055382
ANKRD20A3,0.957514141883429
TBPL1,0.957219391957064
SPOCK3,0.957049259176774
CLOCK,0.956971270979825
APBA1,0.956811664734404
ACAP2,0.95672230030022
PDE4D,0.9565906222232
MINOS1,0.956290339708506
FAM26E,0.956262477326008
IFNGR2,0.956177538789992
ANKRD20A2,0.955850168528087
NEGR1,0.955711440406755
STT3B,0.95568581350289
HECW1,0.954981439293334
CD2AP,0.954934568866114
TTC8,0.954303891383156
AGO2,0.953879494698245
ZDHHC14,0.953781904795163
DNAJC25-GNG10,0.953718551994642
SEPT7,0.953618529254883
ZFAND5,0.953094714372709
TIMM22,0.952909392102863
FYCO1,0.952692661496728
MAP6,0.952601288214786
RAB2A,0.952407932620354
PKNOX2,0.952399244581103
VENTX,0.952346743302405
RAI14,0.952303614013125
ELL,0.952265295494414
CAMK4,0.952242389004047
ZSCAN29,0.952010946757259
STX16,0.951799716117122
TP53TG3,0.951683243110162
SLC6A9,0.95161028216963
DHX36,0.951333147093119
TP53TG3C,0.951262809370898
NHS,0.9512235981796
WIPF3,0.951185766079365
ESCO1,0.950949023747341
IDH1,0.950920337425593
PARP16,0.950869467335644
NR5A2,0.950511022838451
ZNF148,0.950433234493632
GNG10,0.95042005310674
ANKRD20A4,0.95030191181555
PGBD2,0.950266993917878
TP53TG3D,0.950212278093809
IFNAR2,0.949990108531721
GJA1,0.949903576833616
RARB,0.949820550233361
UGT1A8,0.949811844953081
FBXL20,0.949760525103309
TRPS1,0.949375606711474
TTPA,0.949269568861144
PTPDC1,0.949224508168715
FIGN,0.948724870815608
CHD9,0.948364180005833
SLC35A3,0.948201718745643
IBTK,0.948166212477076
AP3S1,0.947959739018049
SLC36A1,0.947349086685041
NCAM1,0.947170326506742
EDC3,0.947123680546696
SYT9,0.946733873807323
PDGFC,0.946355510231784
GUCY1A3,0.946284219236408
TNRC6C,0.94603575571313
ME1,0.945873712613783
PITPNB,0.94564534910897
ARL10,0.944633466092729
PAX3,0.944171606169179
EDNRA,0.944168028467623
RAP2C,0.943968170463728
KLF12,0.943671557236556
ARL6IP6,0.943658029456675
ZPBP2,0.94228225962329
MAP3K2,0.941896733126277
GNRHR,0.941840078737392
LRRC8B,0.941688171017283
WDR7,0.941628873333299
RECK,0.94149872795374
CALB2,0.941427408283813
TVP23C,0.941364768063406
ASB2,0.941288909129709
COL9A3,0.940902197824107
USP15,0.940845367693758
MYH11,0.940540565793833
GNA13,0.94048160307872
TRPA1,0.940438814949811
FGF20,0.940345944417881
HNRNPA2B1,0.940187643574113
BCL11B,0.939419654308653
CSNK1A1,0.939253320849558
CDK12,0.939132335216262
HECTD2,0.938905578216773
VPS33A,0.938672443808715
DKFZP667F0711,0.938538248177346
BCL6,0.938520891571464
LPP,0.938273725089357
ARHGAP29,0.938049538874475
FAM13A,0.938043186029144
DSG2,0.937866253860279
SLC35F3,0.937852586535057
HLX,0.93747972734947
IKZF2,0.936840432161235
WDR26,0.936707016758234
TMEM229A,0.936587912444359
NTM,0.93654518340654
NAA25,0.936543683738504
RAB21,0.936542797763356
ZFC3H1,0.936281105268144
SEL1L3,0.935796798225307
CPE,0.935714093240857
UBE2D2,0.935648438261522
NRIP1,0.935533957155349
PCMTD2,0.935484637702654
SLC1A2,0.935445041406303
ITGB3,0.934875694885995
MBNL1,0.93444581009555
VIM,0.934392473043034
CUL2,0.934363629551359
CCDC71L,0.934327431992864
SRSF10,0.933779452117053
DACT1,0.933386477903726
IRF4,0.932828638138487
SPHKAP,0.932742882196407
CEP85L,0.931766633786017
KCTD9,0.931697930185962
CD99,0.931692390032292
CFHR3,0.931568578934949
SCML2,0.931562652561411
MAPK8,0.93151147852798
MARCH6,0.931415302130053
TVP23B,0.931388754148262
DOCK4,0.931060734819116
CCDC38,0.930900072858098
HERC3,0.930884320397168
ZRANB2,0.930812197303796
TMEM56,0.930584107967092
MYBPC1,0.930352652733033
SKIL,0.93000210133628
SEC22A,0.929917728844216
ORC2,0.929398391076484
SAMD8,0.9291359245045
PBRM1,0.929132977950225
LRRC8C,0.928882552126029
NCOR2,0.928748109498318
NUFIP2,0.928635157741391
RP11-302M6.4,0.927747157055932
GCSAM,0.927687366064395
SMAD2,0.927335317868539
MARCH8,0.927055446630036
SNX10,0.926848321887128
DCX,0.926016926600621
MEOX2,0.925856045649925
CDH13,0.925580603193833
WNK3,0.925570696202028
SPTLC3,0.925405514978177
CYP24A1,0.925268939565257
C8orf44,0.92522318439562
ATP2B2,0.925059155698791
NUCKS1,0.924691389505367
FAM210B,0.924594491403281
STC1,0.924548950336499
CSAD,0.92410778906412
C7orf43,0.923973159908013
C4orf19,0.923756199034553
GAREM,0.923521959854312
C14orf28,0.923377020050703
CPNE3,0.923255808413981
PCGF3,0.922656820069034
GMEB2,0.922224280408668
KIAA1522,0.9220916224739
FBXO32,0.921957446987351
PCGF5,0.921950132639938
WWP1,0.921588818825654
JAG2,0.921304631353706
NEUROD1,0.920849846252144
HACE1,0.920793824285314
NCKAP1,0.920593571728404
RNF165,0.920588232430456
LRP6,0.920092005883479
PRRG1,0.919327083286046
UNKL,0.919201680758422
FAM161A,0.918464388197248
NUDCD2,0.918441637901955
SLC5A3,0.918213825535458
SLC5A3,0.917592505843239
WDFY3,0.917502388734601
BCL9,0.917199971696599
ANKRD20A1,0.917170924649889
MTTP,0.917126794672043
MED12L,0.915979584934409
EVI5,0.915943431558714
CISD1,0.91547759427147
APPL2,0.915398113095898
GPR150,0.915335998324296
KATNBL1,0.915198131482939
DPF1,0.91504251550537
YTHDF3,0.914600715481305
PABPC1L2A,0.914433777456972
SEMA6B,0.913594876433312
IL2RA,0.913225990642983
ERG,0.913019428030051
PPIP5K2,0.912628151536954
PER2,0.912435729912494
AFF4,0.912433104007754
TANK,0.912320220210792
TRDN,0.912186344925006
PPP4R4,0.911628035449349
HOXA11,0.911361232890949
IRS2,0.911026714361114
TMEM106B,0.911010202533026
DLGAP4,0.910991273091043
C1orf173,0.910728665751929
EPDR1,0.909721052108438
ABHD13,0.909685519429008
G3BP1,0.909661556293287
ZNF208,0.909459889513936
ANKRD66,0.909084892275806
SCYL3,0.908892567973008
RFX3,0.908310352304672
TET1,0.908223916456824
TCF21,0.908190107004792
ARID1A,0.907940986167193
RUNDC3B,0.907631869216441
DLGAP2,0.907445341679181
PLXNA2,0.907292428189267
SNAPIN,0.907228717982285
TFPI2,0.907202370028495
SKP2,0.907133776281086
SLCO6A1,0.907039167599021
HOXB8,0.907037892261757
CCNK,0.907005751305202
NTNG1,0.906991841786451
ZBTB39,0.906991292887354
SBK1,0.906927719210575
FNIP2,0.90680180368221
NLGN1,0.906629982360121
DSTYK,0.906330317226512
RAB7A,0.906066608237733
STRIP1,0.905703966638179
SLC35C1,0.90524205064718
SPAG9,0.905184329934595
SSBP2,0.904909845756985
TSEN15,0.904313063317323
TULP4,0.903882244006973
FAM24A,0.903819891270721
C1orf174,0.903574470044018
FOXP2,0.903322751158816
OVOL1,0.903069235174817
PRKRIR,0.902358573407771
IRS1,0.902179053720872
TRIQK,0.902080362697378
LRRC40,0.901806379233537
NKX2-2,0.901758066330398
FXR1,0.901745120951847
SNX33,0.901602064858004
VWC2,0.901398154613716
ZNF720,0.900135902350442
SLC22A5,0.899435887784834
CBX8,0.898882661167461
MLXIP,0.898756176703738
ZNF704,0.898521629229026
SIRT1,0.898503301349361
MYOZ2,0.8983836294787
ATG2B,0.898270495413572
NCK2,0.897296450611028
B3GALT5,0.897029984535672
USP22,0.896616469851294
MCTP2,0.896433911196299
BSN,0.895878191261296
NRBF2,0.895634941975693
KIAA1147,0.895347802584252
PVRL3,0.895232936305412
ALG9,0.895210123034331
MNT,0.895201465623096
ITGB1,0.894667979916887
LYN,0.893297338485576
FGD6,0.893216754743842
AP1S2,0.893059036261966
AFAP1L2,0.892932403025678
RAB11A,0.89288517699433
SESTD1,0.89279877524934
MIA3,0.892138000499263
PLAG1,0.891895665734144
CNGB3,0.891740292557554
NDUFC2,0.89151780698265
NEURL1B,0.891284150945432
ASB3,0.891256360653896
EPHB2,0.890945570742683
LRRK2,0.890815430134235
IFNLR1,0.890761714139642
ARID3A,0.890623831239404
MAP7D3,0.890219808209763
ABCC9,0.890214355603211
C7orf31,0.889925063385696
GPCPD1,0.889758527849702
DMD,0.889532283772685
CNTN4,0.889380443180664
AGO3,0.888605748681942
FBXO28,0.887848544215088
BMI1,0.887720531881854
KLF8,0.88713108000385
DDX5,0.886025295098954
ADAMTS3,0.886010981271745
GULP1,0.885978738881967
EPC1,0.885797887950727
VAT1,0.885619266810792
RRM2,0.885172949187111
MCF2L,0.885118004776871
HIC2,0.884765693120387
ALPK3,0.884518144759107
TMEM26,0.884157550439829
PLEKHO2,0.884123669499085
KANSL3,0.883760083714262
GATA5,0.883701142704165
NFATC2,0.883604449862265
SBF1,0.88360218889839
LONRF1,0.883237573494525
CHIC1,0.883082658757978
ATL2,0.88200999465483
CPEB3,0.88199238645541
COMMD2,0.881881490364823
PRG4,0.881831699912799
TCF24,0.88182820935645
RFTN2,0.881599586769917
PANK3,0.881099089788642
NAPG,0.880925707670445
DOK5,0.88045179394354
NECAP1,0.880444036893584
CCDC171,0.880206792825363
WIPF1,0.880198036971906
ABCA12,0.88015419309811
VAMP3,0.880110187436887
DDX46,0.879732477587988
C3orf14,0.879576186187095
DOLPP1,0.879553605742225
DAB1,0.879162679550234
SFXN1,0.878618768463305
RPL26,0.878603107979361
PTPN4,0.87814730973214
PTPN20A,0.878074433676103
KIAA1244,0.877884153680035
GSKIP,0.877692773800247
CYB561,0.877499807723966
PRSS37,0.877452223639439
SDAD1,0.87742029283845
BMP2K,0.877232380169579
UGT2A3,0.877143649490611
GOLGA4,0.876938953729989
PDE5A,0.876673478086068
EIF4E,0.876671755104253
AP1B1,0.876144269333132
TOX,0.876134868106235
NUP93,0.875613910534313
RBFOX1,0.875568360545128
TNKS2,0.87554876579066
GAGE1,0.875492950796631
SIM1,0.875051502309228
CTC-241N9.1,0.874610354664837
SLC35G2,0.874460817074359
CSMD3,0.872546346103093
PABPC1L2B,0.872452229708297
EIF4E3,0.872176410274934
PDGFA,0.872154787840234
SLC10A7,0.871838606854399
NEFM,0.87177289833243
LIMS1,0.871666683575795
RMDN2,0.871573520055741
FBXO45,0.871471672194608
ZMYM2,0.87129526558624
POP1,0.87127410487858
YPEL5,0.870712975238851
CEACAM1,0.870616809514828
ITSN2,0.870123878986921
VPS13C,0.869871436071721
DENND2C,0.869489903499531
SSR3,0.869411194356811
FAM199X,0.869369650979824
KLF7,0.869330517234326
GXYLT1,0.869199654814011
CLCF1,0.869027578084292
C6orf201,0.868543682502269
FAM189A2,0.868428820323568
GK5,0.868330542072743
PPAPDC2,0.868314458323707
UBE2R2,0.868084465655033
RASGRP3,0.867844998144718
ATAD2B,0.8676832744671
ADAM18,0.866590265028962
EMC4,0.866305469461415
EIF2S3L,0.866295966922339
GLT1D1,0.866250295264647
DMXL2,0.866044242986973
GNAQ,0.865867796441802
EEPD1,0.86584664389532
TNFSF13B,0.865388462340947
MAGI2,0.864856918466798
OTUD4,0.864693617512367
CNOT6,0.864637373510657
AC104472.1,0.864495818446543
EPB41L5,0.864270418049958
RAB3D,0.863795634008935
MICB,0.863671457391736
RALGPS1,0.863596992383652
LCORL,0.863518945166052
SYBU,0.863075698480973
TPM4,0.862997236446513
ZNF625-ZNF20,0.8627176861805
POU2F1,0.862576719098743
MAP3K5,0.862430696515034
ZNF831,0.862389589800868
CDCA7,0.862285613404464
RCBTB1,0.860729019237442
PSTK,0.86068430879955
MEIS2,0.859357491337414
MSS51,0.859286749291874
FLVCR1,0.857731985194733
GFM1,0.85760509909724
CCDC144NL,0.857560698782368
USP46,0.856983437166479
ZDHHC17,0.856103276506606
OSBPL8,0.856021731509944
SGMS2,0.85581087258723
KIAA1024,0.855549063701026
SNX8,0.855206091881748
RIMKLA,0.854931925266856
VAV3,0.854792761247838
GLCE,0.853992355314473
ZC3H8,0.853921649319658
EFR3A,0.852965019413337
ADAM12,0.852962585369685
PIRT,0.852937062451319
KCTD7,0.852658488280177
SLC35F1,0.852650862015422
FAM169B,0.852554330547089
ZNF529,0.852550059602873
ABL2,0.852100769776884
NECAB1,0.852012239548346
PLA2G12A,0.851875907475165
PNMA1,0.851526694440729
CSNK2A2,0.851398330137602
USP2,0.851129904768777
NAGPA,0.850965494804722
CCDC50,0.8507451421216
SUPT20H,0.850702140501787
ATF1,0.850646512096059
MIER2,0.850559111315761
CPEB2,0.850353847220798
FAM217B,0.850241797987565
ONECUT2,0.849978636414035
CERS6,0.849532591629255
CPEB4,0.849440178306388
SLCO5A1,0.849438053162944
AMOTL1,0.84927586584667
SCAF4,0.849270566244132
ITGA9,0.849143251926476
HORMAD1,0.849126129629108
RANBP2,0.848846091511697
UBE2F,0.848755299186789
ENTHD2,0.848610394941743
KCTD5,0.84855767824064
SH3KBP1,0.848473309001714
RAB8A,0.847970989816799
REV3L,0.847899427362058
GPR139,0.847803958876118
MFSD11,0.847706253111544
ZNF547,0.847625466578609
ELMO1,0.847538087036901
TPP2,0.84742923332148
SLC26A11,0.84734674129042
DHRS4,0.846672241357697
BLOC1S5-TXNDC5,0.846546871330297
LHFPL2,0.846503115535362
ADAMTS9,0.846092937143607
TMEM47,0.846008172452826
ZNF594,0.845882292820225
NOVA1,0.845045447013074
KCNIP4,0.844771562138108
CACHD1,0.844731808504724
MORF4L1,0.844623763079801
FAM73B,0.844568590946194
ZEB2,0.844546331060162
ZCCHC11,0.844538576388495
KIAA1715,0.844372472155569
FAM9C,0.844106896218512
PPP3CB,0.844020425850292
CASP3,0.843877411836475
SEMA6D,0.843679484253763
MAGEE1,0.843322979470456
UBE2G1,0.843297793480787
AGO1,0.843148515870413
AC011897.1,0.843028854678947
MAFG,0.842568498915623
FYN,0.842511744876009
GRIN2A,0.842327359782016
PPTC7,0.841383179522744
BEST4,0.84134597249729
FMR1NB,0.841314840176959
SLC4A7,0.841254919708479
AR,0.841068122220518
FBXO34,0.841039002836212
FRMD4A,0.840935818977888
ACTN1,0.840536606593004
BAZ1A,0.839948118430758
GTF2E2,0.839759850692099
PDCD2L,0.83952983077438
RANBP9,0.839508485184451
ZDHHC2,0.839409053383264
SLAIN1,0.839271517598982
TMEM170A,0.839251283572518
SCRG1,0.839173998845743
C3orf58,0.839088199504843
ASAP1,0.838865317284626
CBX2,0.838692282235994
ENPEP,0.838547172018902
VIL1,0.838417189186273
TNFRSF10B,0.8383771349653
KMT2A,0.838221693846125
B4GALT4,0.838031352416164
DSCC1,0.837835017579542
MARCH4,0.837297275095841
DNASE2B,0.837282672823425
MOB3B,0.836993029041179
ZNF585A,0.836633208703649
NADK,0.836205047222543
KCTD3,0.835778258882598
NR3C1,0.83543082120001
SEC23IP,0.83507878575709
MAP3K13,0.835064501123949
TOPBP1,0.835056952965854
NEDD4L,0.834804705538576
LMO3,0.834593197804304
FOXO3,0.834413844523988
OGFRL1,0.834338673517224
SEC61A2,0.834229988838717
RFX2,0.833973603016497
PDE4DIP,0.833666186150148
TDRP,0.833601675095753
POLR1A,0.833128980865695
CTPS1,0.833062177616899
ZBTB7A,0.832369196165225
IQCB1,0.832326702909654
NLGN4Y,0.832302623916022
LPGAT1,0.832157864016249
FOXN2,0.832054203127782
SOGA3,0.832002326326348
TMTC1,0.831588002865785
KIAA1328,0.83155031251473
GCLC,0.83126075086744
SOGA3,0.831170881249103
YWHAZ,0.831107576420416
CD80,0.830688784240671
FAM179A,0.830262199013206
AZIN1,0.829844363706761
RSL24D1,0.829743269743582
SLC36A4,0.829597598024351
EYS,0.829410180675543
AMER1,0.829060422467566
C3orf38,0.829048027726629
ADRB2,0.829001141031603
ERC2,0.828966901214205
CACNB2,0.828417455779166
STX7,0.828306685398671
DAPP1,0.828242422147112
PAG1,0.82814760538672
TRIM37,0.827891179374907
NID1,0.827729475277088
EIF5A2,0.827313548801002
TOMM70A,0.827008121813103
TMPRSS7,0.826887370252259
FAM126B,0.826532563616268
PREP,0.826293076913614
MEF2D,0.82619764040619
TTN,0.825772438627695
CUL3,0.825487116426519
SOGA1,0.825149399327285
ELK3,0.825100972734118
M1AP,0.824947084254375
C16orf87,0.824398617392098
ZYG11B,0.824241841024418
FBN1,0.824231059619971
NACC2,0.823877970247009
PPP2R1B,0.823809922647312
TM9SF3,0.823562620435405
FBXL17,0.823395140386625
PSD3,0.823325181298049
KRAS,0.823317318072378
CNOT2,0.822850022685644
BRD3,0.822805932982301
PPIL4,0.822637504883494
POLR3G,0.822265700210436
SLC35B4,0.821983372947209
PNISR,0.821883928019892
FAM109A,0.821838576619566
PITPNC1,0.821574370588106
GRM6,0.821542656666503
ZNF814,0.821362438352025
RRP1B,0.82120105221853
FAHD1,0.821124721678235
TNPO1,0.821046825692189
CCNA1,0.820201475066463
ADAM22,0.81996847584351
ATP11B,0.81980851139148
KIAA1279,0.81957303639575
SOX13,0.819543629526648
RP11-505K9.4,0.819475717910333
ARFIP1,0.81945296828626
C10orf25,0.819212085272606
TP53INP1,0.819176838116924
DCTN4,0.819100427615616
EDAR,0.81892295924549
KLF13,0.818604267225569
TK2,0.818593730267427
YBX3,0.818581994414893
MXRA5,0.818397539952312
TARSL2,0.818350641255042
PPHLN1,0.818026231742611
EEF1A1,0.817886048169011
TWISTNB,0.817698370238023
APC,0.817683182762948
RGL1,0.817651576175486
ZNF736,0.817512957473099
ATP8B1,0.817069271959407
LYPLAL1,0.816735178702419
INHBA,0.81671767065827
ZSWIM6,0.816561310048116
SLC25A36,0.816483678879198
USP44,0.81612114933992
MARK3,0.816071865552313
SLC9A4,0.81569649648491
YY2,0.815457793696391
CCDC14,0.815162123210459
CLASP2,0.814643315315085
PPP2R2B,0.814385875451621
GOLGA1,0.81419917261994
SPCS3,0.814144874615106
STAG1,0.814115781647841
RNF213,0.814002971903047
PPIL2,0.813752898102245
RAB27B,0.813634205366552
KIDINS220,0.813435933105087
MECP2,0.812776555557857
ZBED1,0.812743242237655
KDELC2,0.812619356383554
EMCN,0.812121129391041
HIPK1,0.812050707540589
BCL10,0.811833975099789
TM4SF18,0.811602314151295
NEDD4,0.811486128931534
VAPA,0.811259015171618
BET1,0.810920446009244
NAA35,0.810872184204078
ZIC1,0.810869641468977
VGLL3,0.810026992727282
NRBP1,0.809843621342668
DCAF17,0.80970858285112
LARP4,0.809532875847192
FRZB,0.809114385543245
FMNL2,0.809062912576668
FRK,0.808236679592853
FLT1,0.808217169916917
WDR1,0.808202147289905
JARID2,0.80813381598834
FANCF,0.807978999466327
MSANTD4,0.80789313752011
PAQR3,0.807738191983227
TRMT5,0.807545365228507
TRIM9,0.806926327153078
IGF1R,0.806838400567612
KIAA0226L,0.806444172149742
IER5,0.806240456625318
TICAM1,0.806063811106125
PPP1R14C,0.805934352943934
GABRA5,0.805772110489427
STEAP1,0.805661566058926
SUPT3H,0.805030889282004
MAP3K7,0.804988388137107
MMP21,0.804833202958437
DACH2,0.804712671392713
C16orf52,0.804370942627152
C8orf34,0.804288568993074
RNASEH1,0.804225811204559
ATL3,0.804085652738664
EZH2,0.803919227976013
KIAA1432,0.803838930705195
GPATCH2L,0.803834164060149
RASAL2,0.803792103301335
VCPKMT,0.803360388261986
PTCH1,0.803359330390743
SGSM1,0.803300838117606
GDNF,0.803226086041681
PTBP3,0.803171868686681
GRK5,0.803169906481771
SLC38A2,0.802639336699822
DGKZ,0.802222671019584
FAF2,0.801674442459966
IRF2BP2,0.801613771722803
TRO,0.801434973113587
CCDC120,0.801272678509242
NCOA3,0.801267386203839
ARL8B,0.801242495735645
ENOX2,0.800938145160261
PYGO1,0.800614887129857
KLHL4,0.800478055624396
STYX,0.800335483453105
